	baseMean	log2FoldChange	lfcSE	stat	pvalue	padj
CRO_T136247	44.02335586	2.424589406	0.535325267	4.529189177	5.92E-06	0.067156513
CRO_T129257	73.03959167	1.276937666	0.339877112	3.757056955	0.000171923	0.570788517
CRO_T122747	10.29660631	4.325024385	1.153245891	3.75030548	0.000176619	0.570788517
CRO_T127108	9.481956957	4.625152233	1.244197322	3.717378386	0.000201301	0.570788517
CRO_T116217	15.77431303	2.245700317	0.640113535	3.508284382	0.000451007	0.967856369
CRO_T116226	143.4412062	0.706576193	0.205601579	3.436628245	0.000589003	0.967856369
CRO_T138732	114.8048795	1.055155923	0.309735203	3.406638679	0.000657681	0.967856369
CRO_T134569	126.2299918	1.718085638	0.505903917	3.396071035	0.000683606	0.967856369
CRO_T105894	34.25275994	1.861124988	0.553235156	3.36407578	0.000768005	0.967856369
CRO_T108945	229.7503415	-1.615751518	0.485120758	-3.330617153	0.000866537	0.982826169
CRO_T100959	10.07848559	2.702037797	0.828329829	3.262031263	0.001106169	0.999941141
CRO_T120324	54.93701513	2.336149774	0.720324745	3.243189671	0.001181995	0.999941141
CRO_T109039	25.86212903	1.24585507	0.389121465	3.201712531	0.001366133	0.999941141
CRO_T115869	101.5434871	1.380693261	0.437427026	3.156396793	0.001597314	0.999941141
CRO_T137804	25.00573532	-1.933466684	0.622163195	-3.10765198	0.0018858	0.999941141
CRO_T117261	11.48848339	2.267767046	0.740578279	3.062157114	0.002197481	0.999941141
CRO_T121190	298.2830181	1.087754993	0.361340024	3.010336304	0.002609586	0.999941141
CRO_T131573	32.05584903	1.502578145	0.50119182	2.998010115	0.002717487	0.999941141
CRO_T127441	11.56398791	2.988177111	0.999049556	2.991019909	0.002780474	0.999941141
CRO_T116257	98.35093449	-0.957098222	0.32098158	-2.981785503	0.002865727	0.999941141
CRO_T132079	5.431298547	6.330903417	2.148158336	2.947130717	0.003207376	0.999941141
CRO_T105713	759.7370661	0.581867534	0.203659955	2.857054219	0.004275928	0.999941141
CRO_T111252	95.02507055	0.960928466	0.336549251	2.855238761	0.004300449	0.999941141
CRO_T133410	327.9753871	0.685434755	0.240765891	2.846893106	0.004414818	0.999941141
CRO_T140757	5.924933575	3.292210866	1.16914145	2.815921773	0.004863751	0.999941141
CRO_T103693	16.02471835	1.612813864	0.5840473	2.761443915	0.00575464	0.999941141
CRO_T131699	26.49051471	-1.105483425	0.401130913	-2.755916806	0.005852788	0.999941141
CRO_T127014	119.9936985	-1.25390046	0.459682118	-2.727755572	0.006376684	0.999941141
CRO_T116046	13.36936026	1.724667491	0.640021594	2.694702033	0.00704516	0.999941141
CRO_T110704	206.6249195	0.545463802	0.202550083	2.692982371	0.007081601	0.999941141
CRO_T116282	101.8359898	1.670372464	0.623297781	2.67989477	0.007364531	0.999941141
CRO_T110948	13.79890645	2.114910404	0.801399384	2.639021749	0.008314565	0.999941141
CRO_T127751	105.7356105	0.562481317	0.215158575	2.614263999	0.008941991	0.999941141
CRO_T120928	7.491069717	2.850642624	1.091794439	2.610970089	0.009028579	0.999941141
CRO_T140881	26.59002577	1.333338146	0.51344709	2.596836503	0.00940867	0.999941141
CRO_T115156	67.88831633	-0.609844029	0.234846062	-2.596782008	0.009410162	0.999941141
CRO_T138005	19.68868043	1.46348256	0.564228017	2.593778607	0.009492759	0.999941141
CRO_T138885	107.4657781	0.931231597	0.369933076	2.517297471	0.011825894	0.999941141
CRO_T125832	3.673142643	3.075982074	1.222627973	2.515877391	0.011873648	0.999941141
CRO_T138173	543.9294428	-0.322678629	0.128948093	-2.502391633	0.012335738	0.999941141
CRO_T101960	13.51053146	1.430035988	0.572584627	2.497510274	0.012506884	0.999941141
CRO_T133412	15.12844348	1.800603706	0.721797467	2.494610728	0.012609538	0.999941141
CRO_T103931	127.7291945	-1.352488431	0.547453441	-2.470508596	0.013492108	0.999941141
CRO_T129795	315.8039864	-0.664319964	0.26922464	-2.467530322	0.01360487	0.999941141
CRO_T113148	69.4339009	0.645384923	0.262115765	2.462213307	0.013808252	0.999941141
CRO_T112245	27.63801529	1.159741631	0.472153811	2.4562793	0.0140384	0.999941141
CRO_T101508	123.0265733	-1.424472895	0.586078549	-2.430515323	0.015077369	0.999941141
CRO_T111070	69.4489122	1.649886375	0.679330155	2.42869592	0.015153235	0.999941141
CRO_T131975	376.0079969	0.385370183	0.159274244	2.419538613	0.015540211	0.999941141
CRO_T115987	12.04488587	1.600678923	0.663840652	2.411239684	0.015898397	0.999941141
CRO_T128434	74.90005079	-0.597078814	0.248408527	-2.403616418	0.016233797	0.999941141
CRO_T109034	19.05441399	1.395623724	0.583151005	2.393245854	0.016700047	0.999941141
CRO_T133060	377.2899374	-0.413105118	0.173373076	-2.382752433	0.017183746	0.999941141
CRO_T110120	101.5325558	0.633268049	0.26644849	2.376699708	0.017468303	0.999941141
CRO_T113752	234.3500752	-1.031430928	0.435328705	-2.369315221	0.017821058	0.999941141
CRO_T107193	92.62643992	4.830041933	2.059375078	2.345392048	0.019007082	0.999941141
CRO_T101317	11.08030575	1.473726553	0.629325282	2.341756474	0.019193234	0.999941141
CRO_T134091	45.56774668	0.807686797	0.345512669	2.337647413	0.019405546	0.999941141
CRO_T105603	40.67380497	1.048076973	0.450075669	2.328668364	0.019876641	0.999941141
CRO_T127101	6.939613555	2.215436096	0.955612096	2.31834246	0.020430717	0.999941141
CRO_T117229	38.98450019	1.020013085	0.44076365	2.314195112	0.020657022	0.999941141
CRO_T107835	8.717903529	1.86417389	0.806434777	2.311623882	0.020798419	0.999941141
CRO_T131841	508.6120246	-0.305019394	0.132071224	-2.30950683	0.020915473	0.999941141
CRO_T129705	6.01909561	2.186365605	0.948212197	2.305776715	0.021123112	0.999941141
CRO_T106246	213.8777065	-0.378386683	0.164919381	-2.294373654	0.021769045	0.999941141
CRO_T129153	77.69558267	-0.633255574	0.279278036	-2.267473605	0.02336131	0.999941141
CRO_T105327	441.0022747	-0.347793873	0.153917632	-2.259610336	0.023845446	0.999941141
CRO_T101272	77.36219874	-0.731770018	0.32428416	-2.256570339	0.024034935	0.999941141
CRO_T108439	12.47679592	1.361794464	0.612983684	2.221583542	0.026311463	0.999941141
CRO_T139329	94.1319753	-0.786640283	0.356836504	-2.20448377	0.02749034	0.999941141
CRO_T120937	32.23634231	1.218814185	0.553485513	2.202070618	0.027660321	0.999941141
CRO_T110206	59.60495876	0.578938826	0.263568625	2.196539234	0.02805337	0.999941141
CRO_T108501	53.50610479	-1.481837919	0.679329316	-2.18132485	0.029159398	0.999941141
CRO_T131393	81.06860734	-0.538342139	0.250067491	-2.152787378	0.031335393	0.999941141
CRO_T101837	35.74950961	0.743518013	0.345825442	2.149980664	0.031556744	0.999941141
CRO_T108400	5.421298411	2.604943522	1.212677742	2.148092136	0.031706437	0.999941141
CRO_T122563	23.16654625	1.405795015	0.65525164	2.145427694	0.031918667	0.999941141
CRO_T106061	207.5028357	0.544551641	0.254407274	2.14047198	0.032316643	0.999941141
CRO_T130245	44.59477463	1.017811144	0.477550182	2.131317676	0.03306298	0.999941141
CRO_T137721	137.3508107	-0.464892741	0.219459104	-2.118357051	0.03414484	0.999941141
CRO_T133583	9.069372042	1.481102687	0.700545582	2.114213158	0.034497066	0.999941141
CRO_T111356	94.37033467	0.482145852	0.2288608	2.106720994	0.035141771	0.999941141
CRO_T101441	167.8436144	-0.368897652	0.175327118	-2.104053589	0.035373773	0.999941141
CRO_T133061	273.5109403	-0.347387904	0.166388154	-2.08781632	0.036814407	0.999941141
CRO_T129889	274.6555946	0.516511125	0.247462966	2.087225958	0.036867714	0.999941141
CRO_T123374	119.2793097	0.474734944	0.22850427	2.077575809	0.037748446	0.999941141
CRO_T122614	439.0857502	-0.326343966	0.158178867	-2.063132524	0.039100039	0.999941141
CRO_T124792	34.31839756	-0.701675958	0.340298814	-2.061940649	0.039213387	0.999941141
CRO_T129457	3516.128038	-0.463817785	0.225585354	-2.05606338	0.039776407	0.999941141
CRO_T101224	57.89297597	0.581122232	0.282682225	2.055743802	0.039807217	0.999941141
CRO_T133413	713.0674253	0.595560409	0.290787049	2.04809812	0.040550386	0.999941141
CRO_T102387	17.71092738	-1.470862495	0.72110397	-2.039737065	0.041376521	0.999941141
CRO_T125223	2163.16152	0.802543035	0.394332385	2.035194331	0.041831323	0.999941141
CRO_T103993	218.7970764	-0.396210424	0.194970771	-2.032152932	0.042138176	0.999941141
CRO_T119479	38.73470812	0.865422593	0.426903706	2.027207966	0.042641149	0.999941141
CRO_T103209	83.72340387	4.001474517	1.975544733	2.025504384	0.042815599	0.999941141
CRO_T137207	23.82921766	0.985215795	0.486853575	2.023638822	0.043007327	0.999941141
CRO_T103207	20.52213332	3.72176904	1.842035865	2.020465025	0.043335174	0.999941141
CRO_T127336	62.48697257	-0.568753733	0.282981122	-2.009864576	0.044445524	0.999941141
CRO_T135976	51.04713214	0.616230526	0.306706872	2.009183953	0.044517629	0.999941141
CRO_T119218	83.15411859	0.515039283	0.257335238	2.001433175	0.045345728	0.999941141
CRO_T141131	273.3253858	0.556545132	0.278871328	1.995705822	0.045965953	0.999941141
CRO_T117322	171.8848967	-0.387651546	0.194485267	-1.993218056	0.046237575	0.999941141
CRO_T136612	20.06654876	1.053772405	0.528983393	1.992070866	0.046363283	0.999941141
CRO_T125691	57.93469084	-0.656024049	0.32946606	-1.99117338	0.046461829	0.999941141
CRO_T128653	2.035357055	3.795296313	1.916169648	1.980668213	0.047628494	0.999941141
CRO_T104937	32.80482819	0.725375247	0.366228813	1.980661329	0.047629266	0.999941141
CRO_T117263	117.4255879	-0.420377363	0.212799275	-1.975464265	0.048215486	0.999941141
CRO_T118651	3.285224367	4.740439073	2.400237192	1.974987759	0.048269537	0.999941141
CRO_T136496	28.00146157	1.102453849	0.558525632	1.973864378	0.048397166	0.999941141
CRO_T104091	7.882894543	2.021050982	1.024443556	1.972828049	0.048515156	0.999941141
CRO_T132080	6.060179785	6.386647471	3.24516422	1.968050625	0.049062213	0.999941141
CRO_T136944	43.14594737	-0.584700512	0.297609585	-1.964656188	0.049454044	0.999941141
CRO_T102920	17.14745965	-1.511211084	0.769754168	-1.963238587	0.049618458	0.999941141
